+-----------+-----------+-----------+-----------+-----------+
| SIG		| OUT0	| OUT1	| OUT2	| OUT3	|
+-----------+-----------+-----------+-----------+-----------+
| 34883	| 0		| 8720	| 17441	| 26161	|
| 44876	| 34883	| 37380	| 39879	| 42377	|
| 57600	| 44876	| 48057	| 51238	| 54419	|
| 26535	| 57600	| 49833	| 42067	| 34300	|
| 4391	| 26535	| 20997	| 15462	| 9925	|
| 48145	| 4391	| 15328	| 26267	| 37205	|
| 63254	| 48145	| 51921	| 55699	| 59476	|
| 25247	| 63254	| 53751	| 44250	| 34747	|
| 59493	| 25247	| 33807	| 42369	| 50930	|
| 25626	| 59493	| 51025	| 42559	| 34092	|
| 17767	| 25626	| 23660	| 21696	| 19730	|
| 20794	| 17767	| 18522	| 19280	| 20036	|
| 47132	| 20794	| 27378	| 33963	| 40547	|
| 64943	| 47132	| 51584	| 56037	| 60489	|
| 54402	| 64943	| 62306	| 59672	| 57036	|
+-----------+-----------+-----------+-----------+-----------+
